00000011111010000000000000000000000000000011101100000000000000001011101110000000000000000000000000000000000
00000011111010000000000000000001000000000011101100000101010000001011101001000000000000000000000000000000001
00000011111010000000000000000010000000000011101100000101101000001011100100000000000000000000000000000000010
00000011111010000000000000000011000000000011101100000000111000001011011111000000000000000000000000000000011
00000011111010000000000000000100000000000011101100000000000000001011011010000000000000000000000000000000100
00000011111010000000000000000101000000000011101100000000000000001011010101000000000000000000000000000000101
00000011111010000000000000000110000000000011101100000000000000001011010000000000000000000000000000000000110
00000011111010000000000000000111000000000011101100000100000000001011001011000000000000000000000000000000111
00000011111010000000000000001000000000000011101100000110001000001011000110000000000000000000000000000001000
00000011111010000000000000001001000000000011101100000010100000001011000001000000000000000000000000000001001
00000011111010000000000000001010000000000011101100000000000000001010111100000000000000000000000000000001010
00000011111010000000000000001011000000000011101100000000000000001010110111000000000000000000000000000001011
00000011111010000000000000001100000000000011101100000000000000001010110010000000000000000000000000000001100
00000011111010000000000000001101000000000011101100000010101000001010101101000000000000000000000000000001101
00000011111010000000000000001110000000000011101100000110001000001010101000000000000000000000000000000001110
00000011111010000000000000001111000000000011101100000100000000001010100011000000000000000000000000000001111
00000011111010000000000000010000000000000011101100000000000000001010011110000000000000000000000000000010000
00000011111010000000000000010001000000000011101100000000000000001010011001000000000000000000000000000010001
00000011111010000000000000010010000000000011101100000000000000001010010100000000000000000000000000000010010
00000011111010000000000000010011000000000011101100000000111000001010001111000000000000000000000000000010011
00000011111010000000000000010100000000000011101100000101101000001010001010000000000000000000000000000010100
00000011111010000000000000010101000000000011101100000101001000001010000101000000000000000000000000000010101
00000011111010000000000000010110000000000011101100000000000000001010000000000000000000000000000000000010110
00000011111010000000000000010111000000000011101100000000000000001001111011000000000000000000000000000010111
00000011111010000000000000011000000000000011101100000000000000001001110110000000000000000000000000000011000
00000011111010000000000000011001000000000011101100000000000000001001110001000000000000000000000000000011001
00000011111010000000000000011010000000000011101100000100110000001001101100000000000000000000000000000011010
00000011111010000000000000011011000000000011101100000101111000001001100111000000000000000000000000000011011
00000011111010000000000000011100000000000011101100000001101000001001100010000000000000000000000000000011100
00000011111010000000000000011101000000000011101100000000000000001001011101000000000000000000000000000011101
00000011111010000000000000011110000000000011101100000000000000001001011000000000000000000000000000000011110
00000011111010000000000000011111000000000011101100000000000000001001010011000000000000000000000000000011111
00000011111010000000000000100000000000000011101100000011011000001001001110000000000000000000000000000100000
00000011111010000000000000100001000000000011101100000110001000001001001001000000000000000000000000000100001
00000011111010000000000000100010000000000011101100000011010000001001000100000000000000000000000000000100010
00000011111010000000000000100011000000000011101100000000000000001000111111000000000000000000000000000100011
00000011111010000000000000100100000000000011101100000000000000001000111010000000000000000000000000000100100
00000011111010000000000000100101000000000011101100000000000000001000110101000000000000000000000000000100101
00000011111010000000000000100110000000000011101100000001110000001000110000000000000000000000000000000100110
00000011111010000000000000100111000000000011101100000110000000001000101011000000000000000000000000000100111
00000011111010000000000000101000000000000011101100000100101000001000100110000000000000000000000000000101000
00000011111010000000000000101001000000000011101100000000000000001000100001000000000000000000000000000101001
00000011111010000000000000101010000000000011101100000000000000001000011100000000000000000000000000000101010
00000011111010000000000000101011000000000011101100000000000000001000010111000000000000000000000000000101011
00000011111010000000000000101100000000000011101100000000000000001000010010000000000000000000000000000101100
00000011111010000000000000101101000000000011101100000101010000001000001101000000000000000000000000000101101
00000011111010000000000000101110000000000011101100000101101000001000001000000000000000000000000000000101110
00000011111010000000000000101111000000000011101100000000110000001000000011000000000000000000000000000101111
00000011111010000000000000110000000000000011101100000000000000000111111110000000000000000000000000000110000
00000011111010000000000000110001000000000011101100000000000000000111111001000000000000000000000000000110001
00000011111010000000000000110010000000000011101100000000000000000111110100000000000000000000000000000110010
00000011111010000000000000110011000000000011101100000100001000000111101111000000000000000000000000000110011
00000011111010000000000000110100000000000011101100000110001000000111101010000000000000000000000000000110100
00000011111010000000000000110101000000000011101100000010011000000111100101000000000000000000000000000110101
00000011111010000000000000110110000000000011101100000000000000000111100000000000000000000000000000000110110
00000011111010000000000000110111000000000011101100000000000000000111011011000000000000000000000000000110111
00000011111010000000000000111000000000000011101100000000000000000111010110000000000000000000000000000111000
00000011111010000000000000111001000000000011101100000010101000000111010001000000000000000000000000000111001
00000011111010000000000000111010000000000011101100000110001000000111001100000000000000000000000000000111010
00000011111010000000000000111011000000000011101100000011111000000111000111000000000000000000000000000111011
00000011111010000000000000111100000000000011101100000000000000000111000010000000000000000000000000000111100
00000011111010000000000000111101000000000011101100000000000000000110111101000000000000000000000000000111101
00000011111010000000000000111110000000000011101100000000000000000110111000000000000000000000000000000111110
00000011111010000000000000111111000000000011101100000001000000000110110011000000000000000000000000000111111
00000011111010000000000001000000000000000011101100000101110000000110101110000000000000000000000000001000000
00000011111010000000000001000001000000000011101100000101001000000110101001000000000000000000000000001000001
00000011111010000000000001000010000000000011101100000000000000000110100100000000000000000000000000001000010
00000011111010000000000001000011000000000011101100000000000000000110011111000000000000000000000000001000011
00000011111010000000000001000100000000000011101100000000000000000110011010000000000000000000000000001000100
00000011111010000000000001000101000000000011101100000000000000000110010101000000000000000000000000001000101
00000011111010000000000001000110000000000011101100000100110000000110010000000000000000000000000000001000110
00000011111010000000000001000111000000000011101100000101111000000110001011000000000000000000000000001000111
00000011111010000000000001001000000000000011101100000001100000000110000110000000000000000000000000001001000
00000011111010000000000001001001000000000011101100000000000000000110000001000000000000000000000000001001001
00000011111010000000000001001010000000000011101100000000000000000101111100000000000000000000000000001001010
00000011111010000000000001001011000000000011101100000000000000000101110111000000000000000000000000001001011
00000011111010000000000001001100000000000011101100000011100000000101110010000000000000000000000000001001100
00000011111010000000000001001101000000000011101100000110001000000101101101000000000000000000000000001001101
00000011111010000000000001001110000000000011101100000011001000000101101000000000000000000000000000001001110
00000011111010000000000001001111000000000011101100000000000000000101100011000000000000000000000000001001111
00000011111010000000000001010000000000000011101100000000000000000101011110000000000000000000000000001010000
00000011111010000000000001010001000000000011101100000000000000000101011001000000000000000000000000001010001
00000011111010000000000001010010000000000011101100000001111000000101010100000000000000000000000000001010010
00000011111010000000000001010011000000000011101100000110000000000101001111000000000000000000000000001010011
00000011111010000000000001010100000000000011101100000100100000000101001010000000000000000000000000001010100
00000011111010000000000001010101000000000011101100000000000000000101000101000000000000000000000000001010101
00000011111010000000000001010110000000000011101100000000000000000101000000000000000000000000000000001010110
00000011111010000000000001010111000000000011101100000000000000000100111011000000000000000000000000001010111
00000011111010000000000001011000000000000011101100000000001000000100110110000000000000000000000000001011000
00000011111010000000000001011001000000000011101100000101011000000100110001000000000000000000000000001011001
00000011111010000000000001011010000000000011101100000101100000000100101100000000000000000000000000001011010
00000011111010000000000001011011000000000011101100000000101000000100100111000000000000000000000000001011011
00000011111010000000000001011100000000000011101100000000000000000100100010000000000000000000000000001011100
00000011111010000000000001011101000000000011101100000000000000000100011101000000000000000000000000001011101
00000011111010000000000001011110000000000011101100000000000000000100011000000000000000000000000000001011110
00000011111010000000000001011111000000000011101100000100010000000100010011000000000000000000000000001011111
00000011111010000000000001100000000000000011101100000110001000000100001110000000000000000000000000001100000
00000011111010000000000001100001000000000011101100000010010000000100001001000000000000000000000000001100001
00000011111010000000000001100010000000000011101100000000000000000100000100000000000000000000000000001100010
00000011111010000000000001100011000000000011101100000000000000000011111111000000000000000000000000001100011
00000011111010000000000001100100000000000011101100000000000000000011111010000000000000000000000000001100100
