00000000000000000111110100000000000000000000000000000000000
00001010100000000111101111000000000000000000000000000000001
00001011010000000111101010000000000000000000000000000000010
00000001110000000111100101000000000000000000000000000000011
00000000000000000111100000000000000000000000000000000000100
00000000000000000111011011000000000000000000000000000000101
00000000000000000111010110000000000000000000000000000000110
00001000001000000111010001000000000000000000000000000000111
00001100010000000111001100000000000000000000000000000001000
00000101001000000111000111000000000000000000000000000001001
00000000000000000111000010000000000000000000000000000001010
00000000000000000110111101000000000000000000000000000001011
00000000000000000110111000000000000000000000000000000001100
00000101010000000110110011000000000000000000000000000001101
00001100011000000110101110000000000000000000000000000001110
00001000001000000110101001000000000000000000000000000001111
00000000000000000110100100000000000000000000000000000010000
00000000000000000110011111000000000000000000000000000010001
00000000000000000110011010000000000000000000000000000010010
00000001110000000110010101000000000000000000000000000010011
00001011011000000110010000000000000000000000000000000010100
00001010011000000110001011000000000000000000000000000010101
00000000000000000110000110000000000000000000000000000010110
00000000000000000110000001000000000000000000000000000010111
00000000000000000101111100000000000000000000000000000011000
00000000000000000101110111000000000000000000000000000011001
00001001100000000101110010000000000000000000000000000011010
00001011111000000101101101000000000000000000000000000011011
00000011011000000101101000000000000000000000000000000011100
00000000000000000101100011000000000000000000000000000011101
00000000000000000101011110000000000000000000000000000011110
00000000000000000101011001000000000000000000000000000011111
00000110111000000101010100000000000000000000000000000100000
00001100011000000101001111000000000000000000000000000100001
00000110100000000101001010000000000000000000000000000100010
00000000000000000101000101000000000000000000000000000100011
00000000000000000101000000000000000000000000000000000100100
00000000000000000100111011000000000000000000000000000100101
00000011101000000100110110000000000000000000000000000100110
00001100000000000100110001000000000000000000000000000100111
00001001010000000100101100000000000000000000000000000101000
00000000000000000100100111000000000000000000000000000101001
00000000000000000100100010000000000000000000000000000101010
00000000000000000100011101000000000000000000000000000101011
00000000001000000100011000000000000000000000000000000101100
00001010101000000100010011000000000000000000000000000101101
00001011010000000100001110000000000000000000000000000101110
00000001100000000100001001000000000000000000000000000101111
00000000000000000100000100000000000000000000000000000110000
00000000000000000011111111000000000000000000000000000110001
00000000000000000011111010000000000000000000000000000110010
00001000011000000011110101000000000000000000000000000110011
00001100010000000011110000000000000000000000000000000110100
00000100111000000011101011000000000000000000000000000110101
00000000000000000011100110000000000000000000000000000110110
00000000000000000011100001000000000000000000000000000110111
00000000000000000011011100000000000000000000000000000111000
00000101011000000011010111000000000000000000000000000111001
00001100011000000011010010000000000000000000000000000111010
00000111111000000011001101000000000000000000000000000111011
00000000000000000011001000000000000000000000000000000111100
00000000000000000011000011000000000000000000000000000111101
00000000000000000010111110000000000000000000000000000111110
00000010000000000010111001000000000000000000000000000111111
00001011100000000010110100000000000000000000000000001000000
00001010010000000010101111000000000000000000000000001000001
00000000000000000010101010000000000000000000000000001000010
00000000000000000010100101000000000000000000000000001000011
00000000000000000010100000000000000000000000000000001000100
00000000000000000010011011000000000000000000000000001000101
00001001101000000010010110000000000000000000000000001000110
00001011111000000010010001000000000000000000000000001000111
00000011001000000010001100000000000000000000000000001001000
00000000000000000010000111000000000000000000000000001001001
00000000000000000010000010000000000000000000000000001001010
00000000000000000001111101000000000000000000000000001001011
00000111000000000001111000000000000000000000000000001001100
00001100011000000001110011000000000000000000000000001001101
00000110011000000001101110000000000000000000000000001001110
00000000000000000001101001000000000000000000000000001001111
00000000000000000001100100000000000000000000000000001010000
00000000000000000001011111000000000000000000000000001010001
00000011111000000001011010000000000000000000000000001010010
00001100000000000001010101000000000000000000000000001010011
00001001001000000001010000000000000000000000000000001010100
00000000000000000001001011000000000000000000000000001010101
00000000000000000001000110000000000000000000000000001010110
00000000000000000001000001000000000000000000000000001010111
00000000011000000000111100000000000000000000000000001011000
00001010110000000000110111000000000000000000000000001011001
00001011001000000000110010000000000000000000000000001011010
00000001010000000000101101000000000000000000000000001011011
00000000000000000000101000000000000000000000000000001011100
00000000000000000000100011000000000000000000000000001011101
00000000000000000000011110000000000000000000000000001011110
00001000100000000000011001000000000000000000000000001011111
00001100010000000000010100000000000000000000000000001100000
00000100101000000000001111000000000000000000000000001100001
00000000000000000000001010000000000000000000000000001100010
00000000000000000000000101000000000000000000000000001100011
00000000000000000000000000000000000000000000000000001100100
